58 [0, 42, 62]
40 [1, 5, 89]
34 [2, 59, 71, 76, 95]
54 [3, 35]
16 [4, 74]
23 [6, 12, 23, 46]
48 [7, 22, 77]
63 [8, 81]
64 [9, 53, 83]
20 [10]
22 [11, 40]
65 [13, 26, 50, 97]
57 [14, 70]
18 [15]
44 [16]
35 [17, 20]
19 [18]
42 [19, 63, 92]
33 [21, 38, 47]
51 [24]
36 [25, 48, 54, 84]
52 [27, 68, 94]
49 [28]
30 [29]
46 [30, 45, 49, 72]
56 [31, 32, 34, 80]
60 [33, 69]
32 [36]
50 [37, 64]
27 [39, 51]
55 [41]
41 [43, 66, 93]
37 [44]
25 [52, 56]
38 [55, 61]
47 [57, 75, 88, 98]
17 [58, 65, 87]
29 [60]
53 [67]
62 [73]
31 [78]
45 [79]
61 [82, 85]
26 [86]
39 [90]
15 [91]
21 [96]
43 [99]
